// WGS48

Longitude: 8.320842799
Latitude: 47.059947422
Altitude: 593.666

X: 4307390.308
Y: 629980.644
Z: 4646741.979
