// WGS48

Longitude: 8.320842792
Latitude: 47.059947412
Altitude: 545.650

X: 4307357.943
Y: 629975.910
Z: 4646706.827
