// WGS48

Longitude: 8.280169810
Latitude: 47.043853071
Altitude: 645.650

X: 4309167.629
Y: 627116.496
Z: 4645560.837

// +1m alt
X: 4309168.303
Y: 627116.594
Z: 4645561.568
