// WGS48

Longitude: 8.280169834
Latitude: 47.043853071
Altitude: 693.842

X: 4309200.123
Y: 627121.227
Z: 4645596.109

// +1m alt
X: 4309200.798
Y: 627121.325
Z: 4645596.841
